# n, A051013(n), g(n), time taken
1 2 1 (0.00s)
2 4 1 (0.00s)
3 7 1 (0.00s)
4 13 3 (0.00s)
5 23 4 (0.00s)
6 40 7 (0.00s)
7 65 8 (0.00s)
8 106 16 (0.00s)
9 169 22 (0.00s)
10 278 46 (0.00s)
11 443 56 (0.00s)
12 705 97 (0.00s)
13 1117 150 (0.00s)
14 1760 231 (0.00s)
15 2692 289 (0.00s)
16 4151 527 (0.00s)
17 6314 704 (0.00s)
18 9526 1049 (0.00s)
19 14127 1389 (0.00s)
20 20944 2216 (0.00s)
21 30848 3087 (0.00s)
22 45589 4837 (0.00s)
23 66495 6165 (0.00s)
24 96847 9446 (0.00s)
25 140840 13641 (0.00s)
26 204380 19547 (0.00s)
27 293822 25902 (0.00s)
28 425859 42595 (0.01s)
29 613446 55550 (0.01s)
30 880288 79255 (0.02s)
31 1258349 111219 (0.02s)
32 1794256 157846 (0.04s)
33 2545965 215802 (0.06s)
34 3623774 326100 (0.09s)
35 5123746 422163 (0.14s)
36 7207773 584055 (0.21s)
37 10159163 867363 (0.29s)
38 14273328 1162775 (0.42s)
39 19925242 1537749 (0.60s)
40 27893419 2316263 (0.86s)
41 38894644 3033048 (1.20s)
42 54026402 4130533 (1.73s)
43 74767979 5609819 (2.40s)
44 103248900 7739344 (3.42s)
45 142261028 10531207 (4.74s)
46 196260395 14987239 (6.72s)
47 269578040 19318278 (9.27s)
48 369130957 26235272 (12.99s)
49 505738267 37054393 (17.93s)
50 690413019 48067442 (25.02s)
51 938939796 63852025 (34.32s)
52 1278115032 90648459 (47.86s)
53 1736651155 119360887 (65.43s)
54 2353123228 157935950 (90.63s)
55 3183508708 213913407 (123.52s)
56 4297261802 283367614 (170.16s)
57 5786237222 375222326 (230.51s)
58 7797127824 521915182 (318.51s)
59 10479056060 671037634 (429.72s)
60 14052658778 891674482 (587.34s)
61 18865573458 1239311962 (792.28s)
62 25268166356 1589678218 (1080.40s)
