How many of the b^n strings of length n, base b can be partitioned in at least
one way into k non-empty substrings such that the substrings appear in lexical
order?

b / k / n / good / bad / (time)

2 2 2 1 3 (0.00)
2 2 3 6 2 (0.00)
2 2 4 13 3 (0.00)
2 2 5 29 3 (0.00)
2 2 6 60 4 (0.00)
2 2 7 124 4 (0.01)
2 2 8 251 5 (0.02)
2 2 9 507 5 (0.04)
2 2 10 1018 6 (0.10)
2 2 11 2042 6 (0.21)
2 2 12 4089 7 (0.44)
2 2 13 8185 7 (1.00)
2 2 14 16376 8 (2.14)
2 2 15 32760 8 (4.59)
2 2 16 65527 9 (9.68)

2 3 3 0 8 (0.00)
2 3 4 4 12 (0.00)
2 3 5 12 20 (0.00)
2 3 6 35 29 (0.01)
2 3 7 80 48 (0.02)
2 3 8 180 76 (0.04)
2 3 9 392 120 (0.11)
2 3 10 834 190 (0.25)
2 3 11 1747 301 (0.57)
2 3 12 3621 475 (1.28)
2 3 13 7435 757 (2.87)
2 3 14 15179 1205 (6.52)
2 3 15 30837 1931 (13.54)
2 3 16 62422 3114 (31.68)

2 4 4 0 16 (0.00)
2 4 5 0 32 (0.00)
2 4 6 6 58 (0.00)
2 4 7 26 102 (0.03)
2 4 8 80 176 (0.08)
2 4 9 200 312 (0.21)
2 4 10 482 542 (0.52)
2 4 11 1084 964 (1.24)
2 4 12 2396 1700 (2.66)
2 4 13 5180 3012 (6.32)

2 5 5 0 32 (0.00)
2 5 6 0 64 (0.01)
2 5 7 0 128 (0.02)
2 5 8 4 252 (0.08)
2 5 9 41 471 (0.26)
2 5 10 142 882 (0.68)
2 5 11 433 1615 (1.84)
2 5 12 1130 2966 (4.54)

3 2 2 3 6 (0.00)
3 2 3 19 8 (0.00)
3 2 4 63 18 (0.00)
3 2 5 207 36 (0.01)
3 2 6 645 84 (0.05)
3 2 7 1995 192 (0.16)
3 2 8 6097 464 (0.53)
3 2 9 18566 1117 (1.70)

3 3 3 1 26 (0.00)
3 3 4 23 58 (0.01)
3 3 5 103 140 (0.02)
3 3 6 396 333 (0.08)
3 3 7 1349 838 (0.33)
3 3 8 4433 2128 (1.16)

3 4 4 0 81 (0.01)
3 4 5 9 234 (0.03)
3 4 6 99 630 (0.13)
3 4 7 526 1661 (0.51)
3 4 8 2208 4353 (1.96)
3 4 9 8176 11507 (7.63)

3 5 5 0 243 (0.03)
3 5 6 0 729 (0.12)
3 5 7 36 2151 (0.57)
3 5 8 346 6215 (2.40)

4 2 2 6 10 (0.00)
4 2 3 44 20 (0.00)
4 2 4 196 60 (0.01)
4 2 5 850 174 (0.06)
4 2 6 3536 560 (0.28)
4 2 7 14564 1820 (1.20)
4 2 8 59420 6116 (5.20)

4 3 3 4 60 (0.00)
4 3 4 76 180 (0.02)
4 3 5 449 575 (0.10)
4 3 6 2234 1862 (0.51)
4 3 7 10096 6288 (2.41)

4 4 4 1 255 (0.02)
4 4 5 58 966 (0.13)
4 4 6 638 3458 (0.71)
4 4 7 4216 12168 (3.85)

4 5 5 0 1024 (0.13)
4 5 6 16 4080 (0.72)
4 5 7 448 15936 (4.22)

