# 4 {2-4} 3.30 2.85
1: 0 1 2 3 (10 iter 0.00s)
1: 0 1 2 3 (33 iter 0.00s)
1: 0 1 2 3 (94 iter 0.00s)

# 5 {3-5} 5.39 4.74
1: 0 1 2 3 4 (61 iter 0.00s)
1: 0 1 2 3 4 (329 iter 0.00s)
1: 0 1 2 3 4 (1559 iter 0.00s)

# 6 {3-6} 11.46 10.30 9.28
2: 0 1 2 3 4 5 (91 iter 0.00s)
3: 0 3 5 10 12 15 (1043 iter 0.00s)
3: 0 3 5 10 12 15 (10738 iter 0.00s)
3: 0 3 5 10 12 15 (99615 iter 0.00s)

# 7 {3-7} 25.04 22.83 19.65 18.06
3: 0 1 2 3 4 5 6 (111 iter 0.00s)
3: 0 1 2 3 4 5 6 (2779 iter 0.00s)
3: 0 1 2 3 4 5 6 (63442 iter 0.00s)
3: 0 1 2 3 4 5 6 (1246393 iter 0.06s)
3: 0 1 2 3 4 5 6 (22511741 iter 1.06s)

# 8 {3-8} 51.38 52.19 41.76 37.18 36.15
6: 0 1 2 3 4 5 6 7 (118 iter 0.00s)
6: 0 1 2 3 4 5 6 7 (6063 iter 0.00s)
6: 0 1 2 3 4 5 6 7 (316458 iter 0.02s)
6: 0 1 2 3 4 5 6 7 (13215357 iter 0.90s)
6: 0 1 2 3 4 5 6 7 (491363709 iter 33.23s)
6: 0 1 2 3 4 5 6 7 (17762678482 iter 1182.69s)

# 9 {4-7} 124.12 89.66 77.27
6: 0 1 2 3 4 5 6 7 8 (10777 iter 0.00s)
9: 0 3 5 9 18 20 23 24 27 (1337641 iter 0.13s)
9: 0 3 5 9 18 20 23 24 27 (119927005 iter 11.40s)
9: 0 3 5 9 18 20 23 24 27 (9267202706 iter 877.37s)
.. est 17h

# 10 {4-6} 300.91 197.75
7: 0 1 2 3 4 5 6 7 8 9 (15924 iter 0.00s)
15: 0 3 5 9 18 20 23 24 27 29 (4791664 iter 0.58s)
15: 0 3 5 9 18 20 23 24 27 29 (947527855 iter 119.39s)
.. est 4h45m

# 11 {4-5} 723.37
9: 0 1 2 3 4 5 6 7 8 9 10 (20214 iter 0.00s)
15: 0 1 2 4 8 19 21 22 25 26 28 (14622257 iter 2.15s)

# 12 {4-5} 1673.93
13: 0 1 2 3 4 5 6 7 8 9 10 11 (22931 iter 0.00s)
18: 0 3 5 6 9 10 12 15 17 18 20 23 (38384868 iter 6.51s)

# 13 {4-5} 3618.49
16: 0 1 2 3 4 5 6 7 8 9 10 11 12 (24218 iter 0.00s)
24: 0 3 5 6 9 10 12 15 17 18 20 23 24 (87632638 iter 16.69s)

# 14 {4-5} 7130.17
21: 0 1 2 3 4 5 6 7 8 9 10 11 12 13 (24660 iter 0.00s)
33: 0 3 5 6 9 10 12 15 17 18 20 23 24 27 (175830076 iter 36.22s)

# 15 {4-5} 12645.14
27: 0 1 2 3 4 5 6 7 8 9 10 11 12 13 14 (24764 iter 0.00s)
45: 0 3 5 6 9 10 12 15 17 18 20 23 24 27 29 (313144150 iter 67.27s)

# 16 {4-5} 20171.08
36: 0 1 2 3 4 5 6 7 8 9 10 11 12 13 14 15 (24779 iter 0.00s)
60: 0 3 5 6 9 10 12 15 17 18 20 23 24 27 29 30 (499819267 iter 107.67s)

