Minimal number of distinct square unit fractions required to sum to r,
where r takes on values of the Farey series; or -1 if no sum is possible.
Note that sum_2^\inf{1/n^2} = \pi^2/6 - 1 ~= 0.64493406684823

0: 0 []
1: 1 [1]
1/2: 9 [2 3 4 5 7 8 56 168 840] (77.5%)
1/3: 6 [2 4 7 60 84 420]
1/4: 1 [2]
1/5: 8 [3 4 7 13 126 1316 59220 769860]
2/5: 5 [2 3 6 10 30]
3/5: >23 <=27 [2 3 4 5 6 7 8 9 10 11 12 13 14 15 16 17 18 19 20 21 30 48 204 8398 102960 335920 2771340] (93.0%)
1/6: 5 [3 5 9 18 90]
1/7: 6 [3 6 18 35 126 630]
2/7: 5 [2 6 14 21 42]
3/7: 7 [2 3 4 20 21 84 140]
4/7: 17 [2 3 4 5 6 7 8 9 10 11 12 15 24 63 280 396 1848] (88.6%)
1/8: 4 [3 12 15 20]
3/8: 5 [2 3 12 15 20]
5/8: >48 <=59 [2 3 4 5 6 7 8 9 10 11 12 13 14 15 16 17 18 19 20 21 22 23 24 25 26 27 28 29 30 31 32 33 34 35 36 37 38 39 40 41 42 43 44 45 46 48 50 51 54 333 5600 113696 4437225 206161780 7718131920 438991583800 53553858427440 130020403312800 467473357756944] (96.9%)
1/9: 1 [3]
2/9: 7 [3 4 6 7 60 84 420]
4/9: 7 [2 3 4 7 60 84 420]
5/9: 14 [2 3 4 5 6 7 8 9 10 15 30 72 168 504] (86.1%)
1/10: 5 [4 6 12 20 60]
3/10: 3 [2 5 10]
1/11: 6 [4 6 44 132 165 220]
2/11: 7 [3 4 12 33 60 132 330]
3/11: 6 [2 7 21 154 330 2310]
4/11: 7 [2 3 20 204 935 3740 11220]
5/11: 8 [2 3 4 6 20 44 110 132]
6/11: 14 [2 3 4 5 6 7 8 9 14 42 264 693 840 5544] (84.6%)
7/11: >115 <=153 [2 3 4 5 6 7 8 9 10 11 12 13 14 15 16 17 18 19 20 21 22 23 24 25 26 27 28 29 30 31 32 33 34 35 36 37 38 39 40 41 42 43 44 45 46 47 48 49 50 51 52 53 54 55 56 57 58 59 60 61 62 63 65 66 68 69 70 72 74 75 76 77 78 80 82 84 85 86 87 88 90 91 92 93 94 95 96 98 99 100 102 104 105 106 108 110 111 112 114 115 116 117 118 119 120 122 123 124 126 129 130 132 133 135 136 138 140 141 143 144 145 147 148 150 152 153 154 155 156 159 160 161 164 165 168 170 171 172 174 175 176 177 430 8029 544544 39594192 14716218606 5944457444684 2677167376751010 356403467026176570 59141637564551995050 1207498778580030586650 1421677349810993587676] (98.7%)
1/12: 5 [4 7 60 84 420]
5/12: 6 [2 3 5 9 18 90]
7/12: 19 [2 3 4 5 6 7 8 9 10 11 12 13 14 15 21 40 1560 3960 25740] (90.4%)
1/13: 6 [4 9 22 396 468 1716]
2/13: 7 [3 5 20 66 572 660 2860]
3/13: 9 [3 4 5 8 26 138 920 2760 11960]
4/13: 7 [2 5 9 14 90 91 1638]
5/13: 8 [2 3 7 18 322 4745 26910 1375101]
6/13: 8 [2 3 4 6 10 84 364 1820]
7/13: 12 [2 3 4 5 6 7 9 12 14 21 468 2340] (83.4%)
8/13: >32 <=40 [2 3 4 5 6 7 8 9 10 11 12 13 14 15 16 17 18 19 20 21 22 23 24 25 26 27 28 29 30 33 34 35 40 319 7308 176715 3488400 101163600 115892400 581981400] (95.4%)
1/14: 5 [4 12 28 42 84]
3/14: 7 [3 4 5 40 168 280 840]
5/14: 7 [2 4 5 15 84 140 420]
9/14: >479 (99.7%)
1/15: 5 [4 18 36 60 180]
2/15: 6 [3 7 25 75 175 525]
4/15: 5 [2 9 18 30 90]
7/15: 8 [2 3 4 5 19 60 380 1140]
8/15: 11 [2 3 4 5 6 7 10 12 15 84 420] (82.7%)
1/16: 1 [4]
3/16: 5 [3 4 12 15 20]
5/16: 2 [2 4]
7/16: 6 [2 3 4 12 15 20]
9/16: 15 [2 3 4 5 6 7 8 9 10 11 15 216 756 2376 27720] (87.2%)
1/17: 6 [6 7 10 42 119 3570]
2/17: 5 [3 14 34 42 714]
3/17: 7 [3 4 20 68 85 510 1020]
4/17: 9 [3 4 5 7 30 84 255 420 1020]
5/17: 6 [2 5 18 34 90 153]
6/17: 7 [2 4 5 51 140 420 7140]
7/17: 8 [2 3 5 10 42 119 255 1190]
8/17: 7 [2 3 4 5 12 204 340]
9/17: 12 [2 3 4 5 6 7 8 24 63 840 2142 8568] (82.1%)
10/17: >18 <=22 [2 3 4 5 6 7 8 9 10 11 12 13 14 15 17 18 33 56 312 1155 2184 612612] (91.2%)
1/18: 4 [5 9 18 90]
5/18: 2 [2 6]
7/18: 3 [2 3 6]
11/18: >28 <=37 [2 3 4 5 6 7 8 9 10 11 12 13 14 15 16 17 18 19 20 21 22 23 24 25 26 27 28 29 119 825 7280 175950 3028410 59309640 1764461790 8469416592 776363187600] (94.8%)
1/19: 6 [6 7 15 950 3990 6650]
2/19: 7 [4 5 20 76 114 285 1140]
3/19: >7 <=10 [3 5 15 30 38 57 95 114 190 285]
4/19: 9 [3 4 6 12 30 38 60 95 1140]
5/19: 6 [2 9 38 95 342 1710]
6/19: 7 [2 4 18 76 190 684 3420]
7/19: 8 [2 3 12 53 380 636 4028 5035]
8/19: 9 [2 3 5 9 15 18 171 190 570]
9/19: 9 [2 3 4 5 10 152 200 456 11400]
10/19: 12 [2 3 4 5 6 7 12 14 21 76 228 285] (81.6%)
11/19: >17 <=19 [2 3 4 5 6 7 8 9 10 11 12 14 15 16 44 880 2394 351120 1053360] (89.8%)
12/19: >73 <=88 [2 3 4 5 6 7 8 9 10 11 12 13 14 15 16 17 18 19 20 21 22 23 24 25 26 27 28 29 30 31 32 33 34 35 36 37 38 39 40 41 42 43 44 45 46 47 48 49 50 51 52 53 54 55 56 57 58 60 62 63 65 66 68 69 70 72 74 75 76 77 78 80 82 84 85 86 119 795 15600 576534 140093840 36212579172 17162805093070 3300375439015200 307444891294245705 26543205999521303400 60945958710589174560 276049342395021555360] (97.9%)
1/20: 2 [5 10]
3/20: 4 [3 6 10 30]
7/20: 6 [2 4 6 12 20 60]
9/20: 9 [2 3 4 7 13 126 1316 59220 769860]
11/20: 12 [2 3 4 5 6 7 8 9 10 72 168 504] (85.3%)
